        721
          0    7.770947   7.777778        0.9          0
          1    7.467537   7.476851        0.9          0
          2    7.283579   7.453704        0.9          0
          3    7.222222   7.430555        0.9          0
          4    8.890584   7.407407        0.9          0
          5    10.53038    7.38426        0.9          0
          6    12.11354   7.361111        0.9          1
          7    13.61295   7.337962        0.9         28
          8    15.00295   7.314816        0.9        151
          9    16.25973   7.291667        0.9        263
         10    17.36178   7.268518        0.9        664
         11    18.29023   7.245371        0.9        847
         12    19.02918   7.222222        0.9        555
         13    19.56598   7.083333  0.8833333        570
         14    19.89145   6.944445  0.8666667       1134
         15          20   6.805555       0.85        902
         16    17.89642   6.666667  0.8333333        798
         17    15.82885   6.527778  0.8166667        974
         18    13.83269   6.388889        0.8        837
         19    11.94213       6.25  0.7833333        757
         20    10.18952   6.111111  0.7666667        215
         21    8.604885   5.972222       0.75         25
         22    7.215343   5.833333  0.7333333          0
         23    6.044691   5.694445  0.7166666          0
         24     5.11297   5.555555        0.7          0
         25    4.436131   5.416667  0.6833333          0
         26    4.025763   5.277778  0.6666666          0
         27    3.888891   5.138889       0.65          0
         28    5.992474          5  0.6333333          0
         29    8.060044   4.861111  0.6166667          0
         30     10.0562   4.722222        0.6          8
         31    11.94676   4.583333  0.5833333        181
         32    13.69937   4.444445  0.5666667        506
         33      15.284   4.305555       0.55        920
         34    16.67355   4.166667  0.5333333        653
         35     17.8442   4.027778  0.5166667        860
         36    18.77592   3.888889        0.5       1261
         37    19.45276   3.912038  0.5083333       1571
         38    19.86313   3.935184  0.5166667       1908
         39          20   3.958333      0.525       1787
         40    17.96895   3.981482  0.5333333       1471
         41    15.97268   4.004629  0.5416667       1307
         42    14.04535   4.027778       0.55       1011
         43    12.21998   4.050927  0.5583333        644
         44    10.52781   4.074073  0.5666667        219
         45     8.99782   4.097222      0.575         26
         46    7.656193   4.120371  0.5833333          0
         47    6.525908   4.143518  0.5916666          0
         48    5.626316   4.166667        0.6          0
         49    4.972816   4.189816  0.6083333          0
         50    4.576598   4.212962  0.6166667          0
         51    4.444447   4.236111      0.625          0
         52    6.548029    4.25926  0.6333333          0
         53      8.6156   4.282407  0.6416667          0
         54    10.61175   4.305555       0.65          6
         55    12.50232   4.328704  0.6583333        116
         56    14.25492   4.351851  0.6666666        383
         57    15.83956      4.375      0.675        782
         58     17.2291   4.398149  0.6833333       1080
         59    18.39975   4.421296  0.6916667       1564
         60    19.33147   4.444445        0.7       1717
         61    20.00832   4.606482  0.7041667       1912
         62    20.41868   4.768518  0.7083333       1934
         63    20.55556   4.930555     0.7125       1841
         64    18.95973   5.092593  0.7166666       1517
         65    17.39123   5.254629  0.7208333       1402
         66    15.87691   5.416667      0.725        599
         67    14.44269   5.578704  0.7291667        291
         68    13.11312    5.74074  0.7333333        148
         69    11.91098   5.902778     0.7375          9
         70    10.85685   6.064816  0.7416667          0
         71     9.96877   6.226851  0.7458333          0
         72    9.261945   6.388889       0.75          0
         73    8.748483   6.550927  0.7541667          0
         74    8.437167   6.712962  0.7583333          0
         75    8.333336      6.875     0.7625          0
         76    10.14677   7.037038  0.7666667          0
         77    11.92916   7.199073  0.7708333          0
         78    13.64998   7.361111      0.775          4
         79    15.27978   7.523149  0.7791667         27
         80    16.79064   7.685184  0.7833334         90
         81    18.15671   7.847222     0.7875         73
         82    19.35459    8.00926  0.7916667        588
         83    20.36377   8.171295  0.7958333        785
         84    21.16698   8.333333        0.8        423
         85    21.75046   8.356483  0.8083333       1238
         86    22.10423   8.379629  0.8166667       1743
         87    22.22222   8.402778      0.825       1808
         88    20.48132   8.425926  0.8333334        869
         89    18.77023   8.449074  0.8416667        591
         90    17.11824   8.472222       0.85        576
         91    15.55364   8.495371  0.8583333        455
         92     14.1032   8.518517  0.8666667        263
         93    12.79178   8.541667      0.875         26
         94    11.64182   8.564816  0.8833333          0
         95      10.673   8.587962  0.8916667          0
         96     9.90192   8.611111        0.9          0
         97    9.341778    8.63426  0.9083334          0
         98    9.002164   8.657407  0.9166667          0
         99    8.888891   8.680555      0.925          0
        100    10.04949   8.703705  0.9333333          0
        101    11.19022   8.726851  0.9416667          0
        102    12.29154       8.75       0.95          1
        103    13.33461   8.773149  0.9583333         34
        104    14.30157   8.796295  0.9666667        169
        105    15.17585   8.819445      0.975        425
        106    15.94249   8.842593  0.9833333        598
        107    16.58837    8.86574  0.9916667        721
        108    17.10242   8.888889          1       1430
        109    17.47585   8.796295          1        797
        110    17.70226   8.703705          1        908
        111    17.77777   8.611111          1        968
        112    16.32703   8.518517          1        903
        113    14.90112   8.425926          1        671
        114    13.52446   8.333333          1        542
        115    12.22062    8.24074          1        591
        116    11.01193   8.148149          1        260
        117    9.919078   8.055555          1         30
        118    8.960773   7.962962          1          0
        119    8.153426   7.870371          1          0
        120    7.510859   7.777778          1          0
        121    7.044074   7.685184          1          0
        122    6.761061   7.592593          1          0
        123    6.666669        7.5          1          0
        124    7.899804   7.407407          1          0
        125    9.111826   7.314816          1          0
        126    10.28199   7.222222          1          0
        127    11.39025   7.129629          1         67
        128    12.41764   7.037038          1        252
        129    13.34656   6.944445          1        340
        130    14.16112   6.851851          1        311
        131    14.84737    6.75926          1        390
        132    15.39355   6.666667          1        284
        133    15.79031   6.712962          1        145
        134    16.03088    6.75926          1        823
        135    16.11111   6.805555          1        886
        136    15.02305   6.851851          1        335
        137    13.95362   6.898149          1        118
        138    12.92112   6.944445          1        133
        139    11.94324    6.99074          1         94
        140    11.03672   7.037038          1        100
        141    10.21709   7.083333          1          9
        142    9.498359   7.129629          1          0
        143    8.892848   7.175927          1          0
        144    8.410922   7.222222          1          0
        145    8.060833   7.268518          1          0
        146    7.848574   7.314816          1          0
        147    7.777778   7.361111          1          0
        148    8.793301   7.407407          1          0
        149     9.79144   7.453704          1          0
        150     10.7551        7.5          1          2
        151    11.66779   7.546296          1         59
        152    12.51387   7.592593          1        178
        153    13.27887   7.638889          1        303
        154    13.94968   7.685184          1        365
        155    14.51482   7.731482          1        494
        156    14.96462   7.777778          1        503
        157    15.29137   7.800927  0.9958333        578
        158    15.48948   7.824073  0.9916667       1020
        159    15.55556   7.847222     0.9875        857
        160    14.61257   7.870371  0.9833333        832
        161    13.68573   7.893518  0.9791667        603
        162     12.7909   7.916667      0.975        761
        163     11.9434   7.939816  0.9708333        349
        164    11.15775   7.962962  0.9666666         85
        165     10.4474   7.986111     0.9625          8
        166    9.824503    8.00926  0.9583333          0
        167    9.299727   8.032407  0.9541667          0
        168    8.882058   8.055555       0.95          0
        169    8.578648   8.078705  0.9458333          0
        170    8.394691   8.101851  0.9416667          0
        171    8.333333      8.125     0.9375          0
        172    9.421395   8.148149  0.9333333          0
        173    10.49083   8.171295  0.9291667          0
        174    11.52332   8.194445      0.925          1
        175     12.5012   8.217593  0.9208333         46
        176    13.40772    8.24074  0.9166666        107
        177    14.22736   8.263889     0.9125         86
        178    14.94609   8.287038  0.9083333        294
        179     15.5516   8.310184  0.9041666        519
        180    16.03352   8.333333        0.9        442
        181    16.38361   8.356483  0.9041666       1521
        182    16.59587   8.379629  0.9083333       1211
        183    16.66667   8.402778     0.9125       1352
        184    15.65114   8.425926  0.9166666        404
        185      14.653   8.449074  0.9208333        406
        186    13.68934   8.472222      0.925        502
        187    12.77666   8.495371  0.9291667        514
        188    11.93057   8.518517  0.9333333        166
        189    11.16558   8.541667     0.9375         13
        190    10.49476   8.564816  0.9416667          0
        191    9.929621   8.587962  0.9458333          0
        192    9.479824   8.611111       0.95          0
        193    9.153073    8.63426  0.9541667          0
        194    8.954966   8.657407  0.9583333          0
        195    8.888889   8.680555     0.9625          0
        196    10.48471   8.703705  0.9666666          0
        197    12.05321   8.726851  0.9708333          0
        198    13.56754       8.75      0.975          3
        199    15.00176   8.773149  0.9791667         65
        200    16.33132   8.796295  0.9833333        167
        201    17.53346   8.819445     0.9875        226
        202    18.58759   8.842593  0.9916667        292
        203    19.47567    8.86574  0.9958333        374
        204     20.1825   8.888889          1        487
        205    20.69596       8.75  0.9958333        669
        206    21.00727   8.611111  0.9916667        570
        207    21.11111   8.472222     0.9875        398
        208    19.08006   8.333333  0.9833333        221
        209    17.08379   8.194445  0.9791667        429
        210    15.15647   8.055555      0.975        187
        211    13.33109   7.916667  0.9708333        104
        212    11.63893   7.777778  0.9666666        129
        213    10.10893   7.638889     0.9625         25
        214    8.767303        7.5  0.9583333          0
        215     7.63702   7.361111  0.9541667          0
        216    6.737427   7.222222       0.95          0
        217    6.083927   7.083333  0.9458333          0
        218    5.687709   6.944445  0.9416667          0
        219    5.555558   6.805555     0.9375          0
        220    6.861229   6.666667  0.9333333          0
        221    8.144548   6.527778  0.9291667          0
        222    9.383541   6.388889      0.925          5
        223    10.55699       6.25  0.9208333         61
        224    11.64482   6.111111  0.9166666        256
        225    12.62839   5.972222     0.9125        467
        226    13.49086   5.833333  0.9083333        705
        227    14.21747   5.694445  0.9041666       1300
        228    14.79578   5.555555        0.9       1537
        229    15.21589   5.555555  0.8833333       1391
        230     15.4706   5.555555  0.8666667        765
        231    15.55555   5.555555       0.85        492
        232    14.24988   5.555555  0.8333333        752
        233    12.96656   5.555555  0.8166667        503
        234    11.72757   5.555555        0.8        242
        235    10.55412   5.555555  0.7833333        290
        236    9.466292   5.555555  0.7666667        110
        237    8.482725   5.555555       0.75         31
        238    7.620252   5.555555  0.7333333          0
        239    6.893639   5.555555  0.7166666          0
        240    6.315329   5.555555        0.7          0
        241    5.895223   5.555555  0.6833333          0
        242    5.640511   5.555555  0.6666666          0
        243    5.555558   5.555555       0.65          0
        244    7.151379   5.555555  0.6333333          0
        245    8.719881   5.555555  0.6166667          0
        246    10.23421   5.555555        0.6          5
        247    11.66843   5.555555  0.5833333        121
        248    12.99799   5.555555  0.5666667        280
        249    14.20013   5.555555       0.55        527
        250    15.25426   5.555555  0.5333333        751
        251    16.14234   5.555555  0.5166667        891
        252    16.84917   5.555555        0.5       1384
        253    17.36263   5.578704  0.4958333       1565
        254    17.67394   5.601851  0.4916667       1927
        255    17.77777      5.625     0.4875       1843
        256    16.25449   5.648149  0.4833333       1666
        257    14.75729   5.671296  0.4791667       1372
        258    13.31179   5.694445      0.475       1056
        259    11.94277   5.717593  0.4708333        669
        260    10.67364    5.74074  0.4666667        254
        261    9.526142   5.763889     0.4625         37
        262    8.519923   5.787038  0.4583333          0
        263     7.67221   5.810184  0.4541667          0
        264    6.997513   5.833333       0.45          0
        265    6.507388   5.856482  0.4458333          0
        266    6.210226   5.879629  0.4416667          0
        267    6.111113   5.902778     0.4375          0
        268    8.214696   5.925927  0.4333333          0
        269    10.28227   5.949073  0.4291667          0
        270    12.27842   5.972222      0.425         16
        271    14.16899   5.995371  0.4208333        227
        272    15.92159   6.018518  0.4166667        429
        273    17.50623   6.041667     0.4125        471
        274    18.89577   6.064816  0.4083333       1062
        275    20.06642   6.087962  0.4041667       1336
        276    20.99814   6.111111        0.4       1738
        277    21.67498   6.180555        0.4       1928
        278    22.08535       6.25        0.4       1937
        279    22.22222   6.319445        0.4       1856
        280    20.33625   6.388889        0.4       1679
        281    18.48256   6.458333        0.4       1405
        282    16.69291   6.527778        0.4       1070
        283    14.99792   6.597222        0.4        694
        284    13.42662   6.666667        0.4        265
        285    12.00591   6.736111        0.4         35
        286    10.76012   6.805555        0.4          0
        287    9.710567      6.875        0.4          0
        288     8.87523   6.944445        0.4          0
        289    8.268407   7.013889        0.4          0
        290    7.900492   7.083333        0.4          0
        291     7.77778   7.152778        0.4          0
        292    10.17151   7.222222        0.4          0
        293    12.52427   7.291667        0.4          0
        294    14.79575   7.361111        0.4         17
        295    16.94708   7.430555        0.4        238
        296    18.94143        7.5        0.4        598
        297    20.74463   7.569445        0.4        969
        298    22.32583   7.638889        0.4       1322
        299    23.65796   7.708333        0.4       1614
        300    24.71819   7.777778        0.4       1818
        301    25.48839   7.569445  0.4083333       1930
        302    25.95536   7.361111  0.4166667       1993
        303    26.11111   7.152778      0.425       1416
        304    23.06454   6.944445  0.4333333        843
        305    20.07013   6.736111  0.4416667        560
        306    17.17914   6.527778       0.45        335
        307    14.44109   6.319445  0.4583333        322
        308    11.90283   6.111111  0.4666667        158
        309    9.607839   5.902778      0.475         38
        310    7.595401   5.694445  0.4833333          0
        311    5.899974   5.486111  0.4916667          0
        312    4.550584   5.277778        0.5          0
        313    3.570334   5.069445  0.5083333          0
        314    2.976008   4.861111  0.5166667          0
        315     2.77778   4.652778      0.525          0
        316    5.389127   4.444445  0.5333334          0
        317    7.955765   4.236111  0.5416667          0
        318    10.43375   4.027778       0.55          4
        319    12.78066   3.819444  0.5583333         83
        320     14.9563   3.611111  0.5666667        317
        321    16.92344   3.402778      0.575        835
        322    18.64838   3.194444  0.5833334        467
        323    20.10161   2.986111  0.5916667       1436
        324    21.25823   2.777778        0.6       1307
        325    22.09844   2.754629     0.5875       1278
        326    22.60787   2.731482      0.575       1639
        327    22.77777   2.708333     0.5625        941
        328    20.09389   2.685184       0.55       1062
        329    17.45596   2.662038     0.5375       1146
        330    14.90914   2.638889      0.525       1013
        331    12.49704    2.61574     0.5125        637
        332    10.26096   2.592593        0.5        276
        333    8.239181   2.569444     0.4875         36
        334    6.466319   2.546296      0.475          0
        335    4.972729   2.523149     0.4625          0
        336     3.78398        2.5       0.45          0
        337    2.920426   2.476851     0.4375          0
        338    2.396853   2.453704      0.425          0
        339    2.222224   2.430556     0.4125          0
        340    4.470882   2.407407        0.4          0
        341    6.681044    2.38426     0.3875          0
        342    8.814865   2.361111      0.375         16
        343    10.83581   2.337962     0.3625        237
        344    12.70928   2.314816       0.35        601
        345    14.40321   2.291667     0.3375        694
        346    15.88858   2.268518      0.325       1373
        347    17.13997   2.245371     0.3125       1499
        348    18.13594   2.222222        0.3       1501
        349    18.85946   2.314816     0.3125       1864
        350    19.29813   2.407407      0.325       1475
        351    19.44444        2.5     0.3375       1347
        352    17.48594   2.592593       0.35       1736
        353    15.56096   2.685184     0.3625        999
        354    13.70247   2.777778      0.375        585
        355    11.94228   2.870371     0.3875        658
        356    10.31055   2.962962        0.4        242
        357    8.835199   3.055556     0.4125         40
        358    7.541489   3.148149      0.425          0
        359    6.451571    3.24074     0.4375          0
        360    5.584106   3.333333       0.45          0
        361    4.953944   3.425927     0.4625          0
        362    4.571878   3.518518      0.475          0
        363    4.444447   3.611111     0.4875          0
        364    6.620568   3.703704        0.5          0
        365    8.759433   3.796296     0.5125          0
        366    10.82442   3.888889      0.525         17
        367    12.78018   3.981482     0.5375        233
        368    14.59322   4.074073       0.55        592
        369    16.23249   4.166667     0.5625        952
        370    17.66995    4.25926      0.575       1328
        371    18.88097   4.351851     0.5875       1456
        372    19.84482   4.444445        0.6       1624
        373      20.545   4.722222     0.6125       1019
        374    20.96952          5      0.625       1224
        375    21.11111   5.277778     0.6375        681
        376    19.80544   5.555555       0.65        272
        377    18.52212   5.833333     0.6625        225
        378    17.28313   6.111111      0.675        107
        379    16.10967   6.388889     0.6875         70
        380    15.02185   6.666667        0.7         67
        381    14.03828   6.944445     0.7125         16
        382    13.17581   7.222222      0.725          0
        383    12.44919        7.5     0.7375          0
        384    11.87088   7.777778       0.75          0
        385    11.45078   8.055555     0.7625          0
        386    11.19607   8.333333      0.775          0
        387    11.11111   8.611111     0.7875          0
        388    12.92455   8.888889        0.8          0
        389    14.70694   9.166667     0.8125          0
        390    16.42776   9.444445      0.825          0
        391    18.05756   9.722222     0.8375         22
        392    19.56842         10       0.85         93
        393    20.93449   10.27778     0.8625        183
        394    22.13236   10.55556      0.875        203
        395    23.14155   10.83333     0.8875        532
        396    23.94476   11.11111        0.9        890
        397    24.52824   11.04167  0.9041666       1272
        398    24.88201   10.97222  0.9083333       1125
        399          25   10.90278     0.9125       1529
        400    22.96895   10.83333  0.9166666       1424
        401    20.97268   10.76389  0.9208333       1295
        402    19.04535   10.69444      0.925        822
        403    17.21998     10.625  0.9291667        425
        404    15.52781   10.55556  0.9333333        208
        405    13.99782   10.48611     0.9375         42
        406    12.65619   10.41667  0.9416667          0
        407    11.52591   10.34722  0.9458333          0
        408    10.62632   10.27778       0.95          0
        409    9.972816   10.20833  0.9541667          0
        410    9.576598   10.13889  0.9583333          0
        411    9.444447   10.06944     0.9625          0
        412    11.04027         10  0.9666666          0
        413    12.60877   9.930555  0.9708333          0
        414    14.12309   9.861111      0.975          2
        415    15.55731   9.791667  0.9791667         56
        416    16.88688   9.722222  0.9833333        114
        417    18.08901   9.652778     0.9875        212
        418    19.14315   9.583333  0.9916667        378
        419    20.03123   9.513889  0.9958333        701
        420    20.73805   9.444445          1       1039
        421    21.25152   9.537038  0.9916667        757
        422    21.56283   9.629629  0.9833333        812
        423    21.66667   9.722222      0.975        743
        424    20.36099   9.814816  0.9666667        740
        425    19.07767   9.907407  0.9583333        378
        426    17.83868         10       0.95        297
        427    16.66523   10.09259  0.9416667        211
        428     15.5774   10.18518  0.9333333         98
        429    14.59384   10.27778      0.925         23
        430    13.73136   10.37037  0.9166667          0
        431    13.00475   10.46296  0.9083334          0
        432    12.42644   10.55556        0.9          0
        433    12.00633   10.64815  0.8916667          0
        434    11.75162   10.74074  0.8833333          0
        435    11.66667   10.83333      0.875          0
        436    12.68219   10.92593  0.8666667          0
        437    13.68033   11.01852  0.8583333          0
        438    14.64399   11.11111       0.85         13
        439    15.55667    11.2037  0.8416667         93
        440    16.40276    11.2963  0.8333334        290
        441    17.16776   11.38889      0.825        479
        442    17.83857   11.48148  0.8166667        814
        443    18.40371   11.57407  0.8083333       1262
        444    18.85351   11.66667        0.8       1342
        445    19.18026   11.62037     0.7875       1463
        446    19.37837   11.57407      0.775       1537
        447    19.44444   11.52778     0.7625       1097
        448    18.28384   11.48148       0.75       1257
        449    17.14312   11.43518     0.7375       1430
        450    16.04179   11.38889      0.725       1171
        451    14.99872   11.34259     0.7125        798
        452    14.03177    11.2963        0.7        298
        453    13.15748      11.25     0.6875         40
        454    12.39084    11.2037      0.675          0
        455    11.74496   11.15741     0.6625          0
        456    11.23091   11.11111       0.65          0
        457    10.85748   11.06482     0.6375          0
        458    10.63107   11.01852      0.625          0
        459    10.55556   10.97222     0.6125          0
        460    12.22392   10.92593        0.6          0
        461    13.86371   10.87963     0.5875          0
        462    15.44687   10.83333      0.575         21
        463    16.94628   10.78704     0.5625        227
        464    18.33628   10.74074       0.55        583
        465    19.59306   10.69444     0.5375        948
        466    20.69511   10.64815      0.525       1293
        467    21.62356   10.60185     0.5125       1594
        468    22.36251   10.55556        0.5       1794
        469    22.89931   10.55556  0.4916667       1912
        470    23.22478   10.55556  0.4833333       1900
        471    23.33333   10.55556      0.475       1837
        472    21.66497   10.55556  0.4666667       1679
        473    20.02518   10.55556  0.4583333       1403
        474    18.44202   10.55556       0.45       1045
        475     16.9426   10.55556  0.4416667        655
        476    15.55261   10.55556  0.4333333        288
        477    14.29583   10.55556      0.425         37
        478    13.19378   10.55556  0.4166667          0
        479    12.26533   10.55556  0.4083333          0
        480    11.52638   10.55556        0.4          0
        481    10.98957   10.55556  0.3916667          0
        482    10.66411   10.55556  0.3833333          0
        483    10.55556   10.55556      0.375          0
        484    13.31198   10.55556  0.3666667          0
        485    16.02121   10.55556  0.3583333          0
        486    18.63686   10.55556       0.35         20
        487    21.11415   10.55556  0.3416667        247
        488    23.41067   10.55556  0.3333333        592
        489    25.48709   10.55556      0.325        949
        490    27.30786   10.55556  0.3166667       1297
        491    28.84182   10.55556  0.3083333       1581
        492     30.0627   10.55556        0.3       1790
        493    30.94959   10.53241  0.3208334       1904
        494    31.48732   10.50926  0.3416667       1920
        495    31.66666   10.48611     0.3625       1826
        496    28.83771   10.46296  0.3833334       1626
        497    26.05718   10.43982  0.4041667       1554
        498     23.3727   10.41667      0.425        574
        499    20.83021   10.39352  0.4458334        404
        500    18.47326   10.37037  0.4666667        216
        501     16.3422   10.34722     0.4875         19
        502    14.47351   10.32407  0.5083333          0
        503    12.89918   10.30093  0.5291667          0
        504    11.64618   10.27778       0.55          0
        505    10.73594   10.25463  0.5708333          0
        506    10.18407   10.23148  0.5916667          0
        507          10   10.20833     0.6125          0
        508     12.3212   10.18518  0.6333333          0
        509    14.60265   10.16204  0.6541667          0
        510    16.80531   10.13889      0.675          7
        511    18.89145   10.11574  0.6958333         99
        512    20.82536   10.09259  0.7166667        581
        513    22.57392   10.06944     0.7375        984
        514    24.10721    10.0463  0.7583333        865
        515    25.39896   10.02315  0.7791667        880
        516    26.42707         10        0.8       1336
        517    27.17392   9.907407  0.8041667       1596
        518    27.62675   9.814816  0.8083333       1280
        519    27.77777   9.722222     0.8125       1243
        520    25.16643   9.629629  0.8166667        864
        521    22.59979   9.537038  0.8208333       1075
        522    20.12181   9.444445      0.825       1151
        523     17.7749   9.351851  0.8291667        718
        524    15.59925    9.25926  0.8333333        358
        525    13.63212   9.166667     0.8375         51
        526    11.90717   9.074074  0.8416666          0
        527    10.45395   8.981483  0.8458333          0
        528    9.297326   8.888889       0.85          0
        529    8.457111   8.796295  0.8541667          0
        530    7.947689   8.703705  0.8583333          0
        531     7.77778   8.611111     0.8625          0
        532    9.591213   8.518517  0.8666667          0
        533     11.3736   8.425926  0.8708333          0
        534    13.09443   8.333333      0.875         16
        535    14.72422    8.24074  0.8791667        172
        536    16.23509   8.148149  0.8833333        431
        537    17.60115   8.055555     0.8875        898
        538    18.79903   7.962962  0.8916667        696
        539    19.80822   7.870371  0.8958333        665
        540    20.61142   7.777778        0.9        423
        541    21.19491   7.824073  0.8958333       1095
        542    21.54867   7.870371  0.8916667        640
        543    21.66667   7.916667     0.8875        475
        544     19.9983   7.962962  0.8833333        849
        545    18.35851    8.00926  0.8791667       1067
        546    16.77535   8.055555      0.875       1158
        547    15.27594   8.101851  0.8708333        760
        548    13.88594   8.148149  0.8666667        152
        549    12.62916   8.194445     0.8625         39
        550    11.52711    8.24074  0.8583333          0
        551    10.59866   8.287038  0.8541667          0
        552    9.859711   8.333333       0.85          0
        553    9.322908   8.379629  0.8458333          0
        554    8.997442   8.425926  0.8416666          0
        555    8.888891   8.472222     0.8375          0
        556    10.48471   8.518517  0.8333333          0
        557    12.05321   8.564816  0.8291667          0
        558    13.56754   8.611111      0.825          5
        559    15.00176   8.657407  0.8208333         43
        560    16.33132   8.703705  0.8166667        215
        561    17.53346       8.75     0.8125        408
        562    18.58759   8.796295  0.8083333        606
        563    19.47567   8.842593  0.8041667       1152
        564     20.1825   8.888889        0.8       1456
        565    20.69596   8.842593        0.8       1026
        566    21.00727   8.796295        0.8        981
        567    21.11111       8.75        0.8       1004
        568    19.37021   8.703705        0.8        973
        569    17.65912   8.657407        0.8        468
        570    16.00713   8.611111        0.8        247
        571    14.44252   8.564816        0.8        348
        572    12.99209   8.518517        0.8        212
        573    11.68067   8.472222        0.8         31
        574     10.5307   8.425926        0.8          0
        575    9.561891   8.379629        0.8          0
        576    8.790809   8.333333        0.8          0
        577    8.230667   8.287038        0.8          0
        578    7.891053    8.24074        0.8          0
        579     7.77778   8.194445        0.8          0
        580    9.518677   8.148149        0.8          0
        581    11.22977   8.101851        0.8          0
        582    12.88176   8.055555        0.8         10
        583    14.44636    8.00926        0.8        127
        584     15.8968   7.962962        0.8        299
        585    17.20822   7.916667        0.8        484
        586    18.35818   7.870371        0.8        759
        587      19.327   7.824073        0.8        925
        588    20.09808   7.777778        0.8        676
        589    20.65822   7.731482  0.8083333        498
        590    20.99784   7.685184  0.8166667        941
        591    21.11111   7.638889      0.825       1029
        592    19.22514   7.592593  0.8333334       1135
        593    17.37145   7.546296  0.8416667       1328
        594     15.5818        7.5       0.85        871
        595    13.88681   7.453704  0.8583333        711
        596    12.31551   7.407407  0.8666667        227
        597     10.8948   7.361111      0.875         47
        598    9.649006   7.314816  0.8833333          0
        599    8.599455   7.268518  0.8916667          0
        600    7.764119   7.222222        0.9          0
        601    7.157296   7.175927  0.9083334          0
        602    6.789381   7.129629  0.9166667          0
        603    6.666669   7.083333      0.925          0
        604     8.55264   7.037038  0.9333333          0
        605    10.40632    6.99074  0.9416667          0
        606    12.19598   6.944445       0.95          8
        607    13.89097   6.898149  0.9583333         86
        608    15.46227   6.851851  0.9666667        177
        609    16.88298   6.805555      0.975        329
        610    18.12877    6.75926  0.9833333        921
        611    19.17832   6.712962  0.9916667       1119
        612    20.01366   6.666667          1       1391
        613    20.62048   6.689816     0.9875        881
        614     20.9884   6.712962      0.975        485
        615    21.11111   6.736111     0.9625        817
        616    19.29768    6.75926       0.95        923
        617    17.51529   6.782407     0.9375        719
        618    15.79446   6.805555      0.925        581
        619    14.16467   6.828704     0.9125        675
        620     12.6538   6.851851        0.9        119
        621    11.28774      6.875     0.8875         17
        622    10.08986   6.898149      0.875          0
        623    9.080673   6.921296     0.8625          0
        624    8.277463   6.944445       0.85          0
        625    7.693982   6.967593     0.8375          0
        626    7.340217    6.99074      0.825          0
        627    7.222224   7.013889     0.8125          0
        628    8.672971   7.037038        0.8          0
        629    10.09888   7.060184     0.7875          0
        630    11.47554   7.083333      0.775         11
        631    12.77938   7.106482     0.7625         99
        632    13.98807   7.129629       0.75        215
        633    15.08092   7.152778     0.7375        268
        634    16.03923   7.175927      0.725        452
        635    16.84657   7.199073     0.7125        694
        636    17.48914   7.222222        0.7       1103
        637    17.95592   7.152778     0.6875       1982
        638    18.23894   7.083333      0.675       2048
        639    18.33333   7.013889     0.6625       1559
        640    16.66497   6.944445       0.65        716
        641    15.02518      6.875     0.6375        743
        642    13.44202   6.805555      0.625        630
        643    11.94261   6.736111     0.6125        317
        644    10.55261   6.666667        0.6        241
        645    9.295828   6.597222     0.5875         44
        646    8.193779   6.527778      0.575          0
        647     7.26533   6.458333     0.5625          0
        648    6.526377   6.388889       0.55          0
        649    5.989575   6.319445     0.5375          0
        650    5.664109       6.25      0.525          0
        651    5.555558   6.180555     0.5125          0
        652    7.296454   6.111111        0.5          0
        653    9.007547   6.041667     0.4875          0
        654    10.65954   5.972222      0.475         17
        655    12.22414   5.902778     0.4625         66
        656    13.67457   5.833333       0.45        353
        657      14.986   5.763889     0.4375        569
        658    16.13596   5.694445      0.425        891
        659    17.10478      5.625     0.4125        861
        660    17.87586   5.555555        0.4       1196
        661      18.436   5.717593        0.4       1671
        662    18.77561   5.879629        0.4       1935
        663    18.88889   6.041667        0.4       1858
        664    17.65575   6.203704        0.4       1693
        665    16.44373    6.36574        0.4       1450
        666    15.27357   6.527778        0.4       1105
        667    14.16531   6.689816        0.4        737
        668    13.13792   6.851851        0.4        322
        669    12.20899   7.013889        0.4         44
        670    11.39443   7.175927        0.4          0
        671    10.70819   7.337962        0.4          0
        672    10.16201        7.5        0.4          0
        673    9.765242   7.662038        0.4          0
        674     9.52468   7.824073        0.4          0
        675    9.444447   7.986111        0.4          0
        676    11.25788   8.148149        0.4          0
        677    13.04027   8.310184        0.4          0
        678    14.76109   8.472222        0.4         19
        679    16.39089    8.63426        0.4        212
        680    17.90176   8.796295        0.4        599
        681    19.26782   8.958333        0.4        962
        682     20.4657   9.120371        0.4       1311
        683    21.47488   9.282407        0.4       1592
        684    22.27809   9.444445        0.4       1800
        685    22.86157   9.560184      0.425       1913
        686    23.21534   9.675926       0.45       1941
        687    23.33333   9.791667      0.475       1804
        688    21.88258   9.907407        0.5       1658
        689    20.45667   10.02315      0.525       1422
        690    19.08001   10.13889       0.55        959
        691    17.77618   10.25463      0.575        534
        692    16.56749   10.37037        0.6        240
        693    15.47463   10.48611      0.625         87
        694    14.51633   10.60185       0.65          0
        695    13.70898   10.71759      0.675          0
        696    13.06641   10.83333        0.7          0
        697    12.59963   10.94907      0.725          0
        698    12.31662   11.06482       0.75          0
        699    12.22222   11.18056      0.775          0
        700    14.47088    11.2963        0.8          0
        701    16.68104   11.41204      0.825          0
        702    18.81487   11.52778       0.85          9
        703    20.83581   11.64352      0.875        128
        704    22.70929   11.75926        0.9        169
        705    24.40321     11.875      0.925        347
        706    25.88858   11.99074       0.95        343
        707    27.13997   12.10648      0.975        597
        708    28.13594   12.22222          1       1271
        709    28.85946   12.10648          1       1016
        710    29.29813   11.99074          1        502
        711    29.44444     11.875          1        510
        712     26.8331   11.75926          1        273
        713    24.26646   11.64352          1        190
        714    21.78848   11.52778          1        104
        715    19.44157   11.41204          1         83
        716    17.26592    11.2963          1         52
        717    15.29878   11.18056          1          6
        718    13.57384   11.06482          1          0
        719    12.12061   10.94907          1          0
        720    10.96399   10.83333          1          0
